Node Divert_1 Demand_1 Divert_2 Demand_2 Outlet Demand_O
Jan1       0.00     0.00     0.00     0.00   500.00   500.00
Feb1       0.00     0.00     0.00     0.00   500.00   500.00
Mar1       0.00     0.00     0.00     0.00   500.00   500.00
Apr1      64.50    64.50    13.50    13.50   100.00   100.00
May1     109.80   109.80    15.00    15.00   100.00   100.00
Jun1     184.40   184.40    22.10    22.10   100.00   100.00
Jul1     243.70   243.70    26.00    26.00   100.00   100.00
Aug1     200.90   200.90    24.90    24.90   477.10   500.00
Sep1      99.50    99.50    13.00    13.00   500.00   500.00
Oct1       0.00     0.00     0.00     0.00   128.00   500.00
Nov1       0.00     0.00     0.00     0.00   150.75   500.00
Dec1       0.00     0.00     0.00     0.00   128.00   500.00

Reservoirs
Reservoir 1 Reservoir 2
Inflow Storage Release Inflow Storage Release
Q-1 S-1 R-1 Q-2 S-2 R-2
Jan1      128.00  419.35  708.65   39.00    0.00  339.00  708.65 1000.00  208.65  339.00   88.00  401.00  609.65    0.00  709.65
Feb1      125.00    0.00  544.35   39.00    0.00   39.00  544.35  544.35 1000.00   39.00  127.00    0.00 1000.00  500.00  500.00
Mar1      234.00    0.00  234.00   52.00   52.00    0.00  234.00  778.35    0.00    0.00  127.00    0.00    0.00    0.00  500.00
Apr1      360.00    0.00  360.00  121.00    0.00  173.00  360.00  499.35  639.00  173.00  300.00    0.00  639.00  500.00  139.00
May1      541.00   40.35  500.65  168.00   51.00  117.00  500.65 1000.00    0.00  117.00  300.00  117.00  117.00  454.60  162.40
Jun1      645.00  685.35    0.00  144.00  195.00    0.00    0.00 1000.00    0.00    0.00  300.00    0.00    0.00  251.35  203.25
Jul1      807.00 1000.00  492.35  105.00  300.00    0.00  492.35 1000.00  492.35    0.00  300.00    0.00  492.35  500.00  243.70
Aug1      512.00 1000.00  512.00   78.00  300.00   78.00  512.00 1000.00  512.00   78.00  300.00   78.00  590.00  500.00  590.00
Sep1      267.00 1000.00  267.00   49.00  300.00   49.00  267.00  759.75  507.25   49.00  300.00   49.00  556.25  500.00  556.25
Oct1      210.00  969.75  240.25   44.00  216.00  128.00  240.25 1000.00    0.00  128.00  300.00  128.00  128.00  500.00  128.00
Nov1      181.00 1000.00  150.75   45.00  261.00    0.00  150.75 1000.00  150.75    0.00  300.00    0.00  150.75  500.00  150.75
Dec1      128.00 1000.00  128.00   39.00  300.00    0.00  128.00 1000.00  128.00    0.00  300.00    0.00  128.00  500.00  128.00
