Node Divert_1 Demand_1 Divert_2 Demand_2 Outlet Demand_O
Jan1       0.00     0.00     0.00     0.00   500.00   500.00
Feb1       0.00     0.00     0.00     0.00   500.00   500.00
Mar1       0.00     0.00     0.00     0.00   500.00   500.00
Apr1      64.50    64.50    13.50    13.50   100.00   100.00
May1     109.80   109.80    15.00    15.00   100.00   100.00
Jun1     184.40   184.40    22.10    22.10   100.00   100.00
Jul1     243.70   243.70    26.00    26.00   100.00   100.00
Aug1     200.90   200.90    24.90    24.90   500.00   500.00
Sep1      99.50    99.50    13.00    13.00   500.00   500.00
Oct1       0.00     0.00     0.00     0.00   500.00   500.00
Nov1       0.00     0.00     0.00     0.00   500.00   500.00
Dec1       0.00     0.00     0.00     0.00   500.00   500.00
Jan2       0.00     0.00     0.00     0.00   500.00   500.00
Feb2       0.00     0.00     0.00     0.00   500.00   500.00
Mar2       0.00     0.00     0.00     0.00   500.00   500.00
Apr2      64.50    64.50    13.50    13.50   100.00   100.00
May2     109.80   109.80    15.00    15.00   100.00   100.00
Jun2     184.40   184.40    22.10    22.10   100.00   100.00
Jul2     243.70   243.70    26.00    26.00   100.00   100.00
Aug2     200.90   200.90    24.90    24.90   477.10   500.00
Sep2      99.50    99.50    13.00    13.00   259.75   500.00
Oct2       0.00     0.00     0.00     0.00   338.00   500.00
Nov2       0.00     0.00     0.00     0.00   181.00   500.00
Dec2       0.00     0.00     0.00     0.00   128.00   500.00

Reservoirs
Reservoir 1 Reservoir 2
Inflow Storage Release Inflow Storage Release
	Q-1 S-1 R-1 Q-2 S-2 R-2 Q-3 S-3 R-3 Q-4 S-4 R-4 Q-5 S-5 R-5
Jan1      128.00  419.35  708.65   39.00    0.00  339.00  708.65  961.00  247.65  339.00    0.00  489.00  736.65    0.00  836.65
Feb1      125.00  544.35    0.00   39.00    0.00   39.00    0.00    0.00  961.00   39.00    0.00   39.00 1000.00  500.00  500.00
Mar1      234.00    0.00  778.35   52.00   52.00    0.00  778.35  778.35    0.00    0.00    0.00    0.00    0.00    0.00  500.00
Apr1      360.00  360.00    0.00  121.00    0.00  173.00    0.00  756.35   22.00  173.00   56.00  117.00  139.00    0.00  139.00
May1      541.00  901.00    0.00  168.00    0.00  168.00    0.00  390.70  365.65  168.00  224.00    0.00  365.65  203.25  162.40
Jun1      645.00 1000.00  546.00  144.00   68.00   76.00  546.00  936.70    0.00   76.00  300.00    0.00    0.00    0.00  203.25
Jul1      807.00 1000.00  807.00  105.00  173.00    0.00  807.00 1000.00  743.70    0.00  300.00    0.00  743.70  500.00  243.70
Aug1      512.00 1000.00  512.00   78.00  251.00    0.00  512.00  899.10  612.90    0.00  300.00    0.00  612.90  500.00  612.90
Sep1      267.00 1000.00  267.00   49.00  300.00    0.00  267.00 1000.00  166.10    0.00  300.00    0.00  166.10   93.35  572.75
Oct1      210.00 1000.00  210.00   44.00  216.00  128.00  210.00  431.35  778.65  128.00  300.00  128.00  906.65  500.00  500.00
Nov1      181.00 1000.00  181.00   45.00  261.00    0.00  181.00  112.35  500.00    0.00  300.00    0.00  500.00  500.00  500.00
Dec1      128.00  240.35  887.65   39.00  300.00    0.00  887.65 1000.00    0.00    0.00  300.00    0.00    0.00    0.00  500.00
Jan2      128.00  246.35  122.00   39.00    0.00  339.00  122.00 1000.00  122.00  339.00  261.00  378.00  500.00    0.00  500.00
Feb2      125.00    0.00  371.35   39.00    0.00   39.00  371.35  871.35  500.00   39.00  300.00    0.00  500.00    0.00  500.00
Mar2      234.00  234.00    0.00   52.00   52.00    0.00    0.00    0.00  871.35    0.00  300.00    0.00  871.35  371.35  500.00
Apr2      360.00    0.00  594.00  121.00    0.00  173.00  594.00  594.00    0.00  173.00  205.35  267.65  267.65  500.00  139.00
May2      541.00    0.00  541.00  168.00   73.35   94.65  541.00 1000.00  135.00   94.65  300.00    0.00  135.00  472.60  162.40
Jun2      645.00  414.35  230.65  144.00  217.35    0.00  230.65 1000.00  230.65    0.00  300.00    0.00  230.65  500.00  203.25
Jul2      807.00 1000.00  221.35  105.00  300.00   22.35  221.35 1000.00  221.35   22.35  300.00   22.35  243.70  500.00  243.70
Aug2      512.00 1000.00  512.00   78.00  300.00   78.00  512.00 1000.00  512.00   78.00  300.00   78.00  590.00  500.00  590.00
Sep2      267.00 1000.00  267.00   49.00  300.00   49.00  267.00 1000.00  267.00   49.00  300.00   49.00  316.00  500.00  316.00
Oct2      210.00 1000.00  210.00   44.00  216.00  128.00  210.00 1000.00  210.00  128.00  300.00  128.00  338.00  500.00  338.00
Nov2      181.00 1000.00  181.00   45.00  261.00    0.00  181.00 1000.00  181.00    0.00  300.00    0.00  181.00  500.00  181.00
Dec2      128.00 1000.00  128.00   39.00  300.00    0.00  128.00 1000.00  128.00    0.00  300.00    0.00  128.00  500.00  128.00
