Coefficients(a and b) in formula S = a*(h-h0)**b
a=        0.36 b=        2.20

No. Elevation Volume(real) Volume(calc)
1                 759.00        0.00        0.36
2                 767.00       78.00       45.54
3                 771.00      118.00      102.29
4                 783.00      321.00      431.26
5                 786.00      405.00      553.40
6                 795.00      779.00     1021.84
7                 802.00     1204.00     1496.13
8                 810.00     1885.00     2160.78
9                 814.00     2297.00     2543.50
10                827.00     3921.00     4026.47
11                838.00     5585.00     5575.47
12                839.00     5750.00     5729.98
13                850.00     7717.00     7583.03
14                855.00     8690.00     8519.56
15                863.00    10336.00    10142.62
16                867.00    11198.00    11012.33
17                875.00    13003.00    12869.53
18                882.00    14676.00    14624.88
19                891.00    16961.00    17062.84
20                900.00    19458.00    19707.16
