Node Divert_1 Demand_1 Divert_2 Demand_2 Outlet Demand_O
Jan        0.00     0.00     0.00     0.00   500.00   500.00
Feb        0.00     0.00     0.00     0.00   500.00   500.00
Mar        0.00     0.00     0.00     0.00   500.00   500.00
Apr       64.50    64.50    13.50    13.50   100.00   100.00
May      109.80   109.80    15.00    15.00   100.00   100.00
Jun      184.40   184.40    22.10    22.10   100.00   100.00
Jul      243.70   243.70    26.00    26.00   100.00   100.00
Aug      193.27   200.90    17.27    24.90   484.73   500.00
Sep        6.00    99.50     0.00    13.00   313.00   500.00
Oct        0.00     0.00     0.00     0.00   254.00   500.00
Nov        0.00     0.00     0.00     0.00   226.00   500.00
Dec        0.00     0.00     0.00     0.00   167.00   500.00

Reservoirs
   Res1                    Res2
Inflow Storage Release Inflow Storage Release
Q-1 S-1 R-1 Q-2 S-2 R-2
Jan       128.00  365.33  762.67  762.67   39.00  236.33  102.67
Feb       125.00  107.00  383.33  383.33   39.00  107.00  168.33
Mar       234.00    0.00  341.00  341.00   52.00    0.00  159.00
Apr       360.00    0.00  360.00  360.00  121.00    5.24  115.76
May       541.00    0.00  541.00  541.00  168.00   51.00  122.24
Jun       645.00  441.75  203.25  203.25  144.00  195.00    0.00
Jul       807.00 1000.00  248.75  248.75  105.00  300.00    0.00
Aug       512.00 1000.00  512.00  512.00   78.00  300.00   78.00
Sep       267.00 1000.00  267.00  267.00   49.00  300.00   49.00
Oct       210.00 1000.00  210.00  210.00   44.00  300.00   44.00
Nov       181.00 1000.00  181.00  181.00   45.00  300.00   45.00
Dec       128.00 1000.00  128.00  128.00   39.00  300.00   39.00
