(mln.m3) (mln.m3)(mln.m3)(mln.m3)
 Storage Input Release Demand
t0      15000.00
t1              13723.26      426.00     1699.50     1699.50
t2              12728.83      399.00     1388.20     1388.20
t3              11762.29      523.00     1477.60     1477.60
t4              11502.47      875.00     1109.40     1109.40
t5              12894.05     2026.00      594.60      594.60
t6              15837.78     3626.00      636.60      636.60
t7              17503.44     2841.00     1126.10     1126.10
t8              17838.17     1469.00     1092.00     1092.00
t9              18118.57      821.00      510.80      510.80
t10             17838.75      600.00      868.50      868.50
t11             17239.00      458.00     1049.80     1049.80
t12             16172.46      413.00     1475.50     1475.50
